1.000000000000000000e+00 7.504924785728797065e-01 7.022665688987901333e-01 7.209905536191612008e-01 -2.234313657919114737e-01 6.960298342892279333e-01 2.155928300220471827e-01 7.794066534649845002e-01 4.601369853653381470e-01 4.134255732232635094e-01 7.280636947022016692e-01 6.979185293867379292e-01 7.632820449904131888e-01 7.638062854866674023e-01 4.680299832996752118e-01 3.381237342351724462e-01 -4.713827030099081161e-02 6.104875254390427358e-02 5.024130665349807456e-01 -4.754226267716223364e-01 4.737738766275638169e-01 -6.617843362444170152e-01 -3.089161506194103013e-01 -5.223372073402525739e-01 -2.512224116550315078e-01 6.678897772173820746e-01 -2.955810773726007534e-01 2.472780798577961514e-01 -6.593326977722777649e-01 -5.308347853029404817e-01 2.704732474915420015e-01 -7.330498200504992345e-01 1.323378953366559085e-01 -3.907656277174455517e-01 8.070939944022280654e-01 3.403185225146095338e-01 6.143172104435291603e-01 7.085916043202826753e-01 2.157214435067551506e-01 -2.784095330925470679e-01 6.493925347379628787e-01 1.815395475577373519e-01 8.562066245776980278e-01 4.725304709810723147e-01 3.950177534542980706e-01 -2.555406621929113831e-01 -2.806551406339403698e-01 8.327698789763385845e-01 6.502562195107435272e-01 8.297655198984289493e-01 8.520723502010663086e-01 2.135435457919960256e-01 5.029370607485877942e-01 8.292280926207926672e-01 -4.091733818617246388e-01 1.668198677163128807e-01 8.552339320029987979e-01 7.876828173558754198e-01 7.818669623830755144e-01 5.495863869194463902e-01 -2.618289272647199642e-02 7.085379573185709434e-01 1.365824157632729297e-01 4.607833201618377061e-01 -3.512182686246410057e-01 -2.804672809845588644e-01 7.696242838737931136e-01 7.481025685527887825e-01 5.762169901952166745e-02 7.933875365492905063e-01 8.044494011546375889e-01 8.573046130367660833e-01 9.081908800908863322e-01 8.560415158153050763e-01 8.698405934084255664e-01 4.364020761398411108e-01 8.433944264287581705e-01 -2.672385511551692572e-01 -5.792879556235063232e-01 6.120264983536527481e-01 1.094462983559672392e-01 -1.074747195560432494e-01 -4.456729221210112835e-01 -6.806644355910289601e-01 -6.173563141366247287e-01 -7.209850667360561127e-01 1.840919668403505349e-01 -7.050781023634162814e-01 -6.052148530976084739e-01 -6.288939367012490456e-01 -5.222025144122287577e-01 -6.698289046890848475e-01 3.466631293211551723e-01 4.598973719283634687e-02 -2.995940734245811643e-01 6.714144614555341839e-01 6.851313275005760373e-01 -5.400805793020686529e-01 -4.894809983557932842e-01 1.166176076766459735e-01 -3.393162177175413907e-01 7.615013813066847659e-01 6.979177761887739306e-01 8.633741941989562241e-01 7.899076051297470036e-01 5.002268949282754340e-01 -6.668635371482769525e-01 -5.532052273976759693e-01 8.578652977317028361e-01 -2.681911951977185016e-01 -4.457250907588501398e-01 -5.148442188434101396e-01
7.504924785728797065e-01 1.000000000000000000e+00 6.520911372066465761e-01 7.835512414554355320e-01 -4.328347699263253995e-02 5.729126312476126026e-01 2.615139649489732765e-01 7.763334672890841448e-01 4.692411886831879264e-01 6.361144148514201735e-01 7.609019972670050258e-01 7.458544868248804249e-01 8.051667121161468765e-01 7.911965385634608383e-01 3.624025768037564266e-01 1.657746937221758754e-01 3.150957059662241183e-02 -1.014224835604307998e-02 6.650924385605925249e-01 -6.174728533297504374e-01 2.690287420064844670e-01 -5.245567957186675345e-01 -3.470869995562925192e-01 -6.027827859720328307e-01 -4.708021767280790026e-01 5.287771784347411463e-01 -4.292612890265480874e-01 9.776371724446746014e-02 -6.088922135864920371e-01 -5.864069494461191523e-01 3.629452683477125685e-01 -6.586568965328394309e-01 -1.189120885493948065e-01 -4.006620062145568317e-01 5.525834194694068113e-01 2.975136884480506505e-01 5.251549163127680053e-01 5.234912391319779257e-01 5.295168112623540972e-03 -2.932211050821026399e-01 5.364789904937268261e-01 -9.179215921942165957e-02 6.679348935919594554e-01 4.008372374011303640e-01 2.466524073056798327e-01 -4.568272687230018891e-01 -2.615554016656850833e-01 7.443042297756213843e-01 5.680665147984100827e-01 7.979522265591881824e-01 7.988797925350389351e-01 8.233582061547174702e-02 5.613167750437549897e-01 7.745751620603397170e-01 -2.005167376518032785e-01 -1.636763495407476121e-01 7.614152206012857471e-01 7.056499951956716199e-01 7.626766793615278317e-01 3.020006725485990806e-01 9.832930043538383111e-03 5.623185303935374080e-01 2.070705918248753330e-01 1.414893454051082411e-01 -3.880112566733554536e-01 -5.578114346279376967e-01 7.108729119616354897e-01 4.116807300499464306e-01 -2.926797180402079257e-01 4.950526012109981999e-01 7.901330413031598665e-01 7.691508131760343980e-01 7.521973829946476675e-01 7.104722360361864775e-01 7.684932625083442659e-01 2.288415257311631479e-01 7.798020474270789260e-01 -1.070186727916366265e-01 -6.688012260025564260e-01 3.675512570530950485e-01 -3.983563586432441878e-02 -2.123289727907225199e-01 -4.425829786466451976e-01 -7.445616765742286702e-01 -6.602503759798329375e-01 -6.509867413111106726e-01 2.113886821337634392e-01 -7.130304734425699786e-01 -7.261491426269436333e-01 -7.053982078186591398e-01 -5.774433176670970003e-01 -6.927515031148191449e-01 2.660814657666522032e-01 -1.261831413200009411e-01 -4.332944870712089336e-01 6.200221024035161843e-01 5.028816263950600662e-01 -5.139152381171570028e-01 -5.270423933506026559e-01 1.967961520509431128e-01 -4.640716057482845991e-01 6.936203281244098795e-01 4.903253877601086441e-01 7.151105057533831966e-01 5.121921135082413423e-01 4.126103302676286666e-01 -7.445722169389986655e-01 -6.567987907901564615e-01 6.543521069960942516e-01 -5.979181323615063715e-01 -4.869319211995112862e-01 -6.885573614347240134e-01
7.022665688987901333e-01 6.520911372066465761e-01 1.000000000000000000e+00 5.931767063084757430e-01 -3.142768346243400845e-01 5.581964961972832873e-01 9.132149575391095009e-02 7.095223364681738643e-01 4.102528639435341073e-01 4.874516884214081802e-01 6.308290180071971509e-01 5.831951492904116074e-01 6.765901793401892794e-01 7.026298047926843315e-01 3.583420852757319142e-01 2.784883187242057634e-01 -9.111460160387020724e-02 -7.444483763175935645e-03 4.134508429729988888e-01 -6.371075469980291839e-01 2.066725008272352893e-01 -6.143165580694248673e-01 -4.810457456275681332e-01 -6.535273937290290158e-01 -4.365114900182706092e-01 4.384247274385916771e-01 -4.061796939837817311e-01 1.222387681958160138e-01 -6.583937142477785942e-01 -5.691425642920150407e-01 3.651398444119671183e-01 -6.995081559298950147e-01 -6.451047050266810190e-02 -4.548638122483712465e-01 5.782098490688571957e-01 2.349131691357809470e-01 5.073762290885952542e-01 4.960777682680410638e-01 -1.418340024555854451e-02 -2.878313379517256076e-01 5.072825389319559619e-01 -2.178284647108656366e-02 6.703306722975440612e-01 3.500561814238434821e-01 2.497918157751111423e-01 -4.689882056081680073e-01 -3.914282989155389858e-01 7.156465661120740007e-01 4.609420908784718773e-01 7.012532727439821922e-01 7.577099122378143647e-01 -3.431630072058445332e-03 3.752922419991864267e-01 7.554659835562710368e-01 -4.160146982935071236e-01 -6.195982291147325571e-02 7.555789765164647731e-01 6.868792768802128856e-01 6.240619875816543205e-01 2.932458883026586305e-01 -1.595926611691578789e-01 4.851870253374153119e-01 -2.443808178566262042e-03 1.409090106239488938e-01 -4.750986367912678476e-01 -4.952407894712677061e-01 6.030741165938182657e-01 5.613846419015507960e-01 -2.449537968334245808e-01 4.716080690246536311e-01 6.822089499708394733e-01 7.481480026862371568e-01 7.316448236304784469e-01 7.432393912461605634e-01 7.429409265669985052e-01 1.940040127942117831e-01 7.320419393277844966e-01 -2.389770646956639044e-01 -6.447157162536637509e-01 4.612929457500042352e-01 -7.984984294029326413e-02 -2.824917160641930991e-01 -4.586472166389988225e-01 -7.288967258618900269e-01 -6.891801011390521481e-01 -7.061929542584334252e-01 6.123273917531853183e-02 -7.398986551873875106e-01 -6.589382044999673171e-01 -7.075917939402130985e-01 -5.628542377183874956e-01 -7.130658316118917428e-01 2.815426889088811224e-01 -2.062377489798676300e-01 -4.700732267212038851e-01 5.863194523269282810e-01 5.037494257296045719e-01 -6.038367328973451853e-01 -6.016932861078901906e-01 3.528008961363333917e-02 -5.175469711548916774e-01 6.108004025413701354e-01 5.350163775778781217e-01 7.137004417530891098e-01 5.060768599724068117e-01 3.454579991995745947e-01 -7.252125061586706112e-01 -6.426005038968287675e-01 7.145798968406972262e-01 -4.224248495972108830e-01 -5.521662355222163310e-01 -6.284674074779226238e-01
7.209905536191612008e-01 7.835512414554355320e-01 5.931767063084757430e-01 1.000000000000000000e+00 9.207439163655635472e-02 5.741737090190569548e-01 1.708634603056548851e-01 7.623915335738653543e-01 4.676388485885399349e-01 5.869390694868525937e-01 7.489643580347025154e-01 7.090894079263801997e-01 7.908029857995528822e-01 7.738561672501163002e-01 3.204305824565697458e-01 1.002819195625670318e-01 4.986823615867049669e-02 -1.268605275036650305e-02 5.766460882356422291e-01 -5.789387181369771707e-01 1.755084693049366595e-01 -5.668874438716632325e-01 -2.673024057884647031e-01 -5.538691934954302898e-01 -4.065226885795655276e-01 5.623584577874197743e-01 -3.442840547688354458e-01 1.690727963303777781e-01 -6.035206482544273054e-01 -5.623757449563628885e-01 3.667160527933269742e-01 -6.649207573974222907e-01 -9.098505834543108017e-02 -4.040861770826053578e-01 4.856342546573672592e-01 2.029950136991597043e-01 4.791305025207874824e-01 5.433631937426681713e-01 -5.383535162464309770e-02 -3.395403260298807679e-01 5.470739758296252475e-01 -1.539495949685410203e-01 6.472733453259154057e-01 4.526922366659216768e-01 1.265850748388257785e-01 -4.474219810340157588e-01 -1.331371084527689097e-01 7.066610275256072216e-01 6.461723258841937101e-01 8.273537173189403626e-01 7.842645236322217661e-01 1.692234803032013346e-01 6.845768138961312310e-01 7.397690086259021136e-01 -1.246186099542718889e-01 -2.215156974759652508e-01 7.562960869950968723e-01 7.248796725323121137e-01 7.593420756126968429e-01 3.382101198671328413e-01 -4.745806643335336028e-02 5.658234803546846603e-01 3.887719420666414516e-01 1.160917710169436373e-01 -3.390515097169492509e-01 -5.490358187179543714e-01 7.705218255516760317e-01 3.780686534254452669e-01 -3.467010123995228343e-01 4.697961150285386300e-01 8.276880736533037686e-01 7.647670357100675442e-01 7.598286050589303509e-01 6.719375571686728721e-01 7.487685937205219577e-01 2.376509683446599019e-01 7.623226670968924479e-01 -2.899535452725707230e-02 -6.072237759603953400e-01 3.416650589985218422e-01 3.425095942764306428e-02 -3.891057793216257110e-02 -4.043984793449268422e-01 -7.025123391633935066e-01 -5.573905770323882569e-01 -5.796920608924589491e-01 2.779817071894582492e-01 -6.483043167056459222e-01 -6.651749669513185026e-01 -6.474680442188627261e-01 -5.198822340877283787e-01 -6.550978138304563991e-01 3.284479465357648675e-01 -4.614956659080880763e-02 -3.078258113061473344e-01 6.656915811748267409e-01 5.759600930995691925e-01 -3.950851712687228900e-01 -4.735709925440013679e-01 2.440075682738488405e-01 -3.525308336445835411e-01 7.642682691570409359e-01 4.114281372928658698e-01 7.163259488631268379e-01 5.423544168238393359e-01 5.673554362258461659e-01 -7.040313893019997105e-01 -5.968395850971121019e-01 6.357693744447350248e-01 -5.845258690054260242e-01 -4.198747845411224255e-01 -6.207555314806856295e-01
-2.234313657919114737e-01 -4.328347699263253995e-02 -3.142768346243400845e-01 9.207439163655635472e-02 1.000000000000000000e+00 -3.160847801510668909e-01 1.874513073514573469e-01 -2.914246287127610358e-01 -1.394256063744299667e-01 -5.440246176119037380e-02 -9.781583915342871582e-02 -6.593897193547079878e-03 -4.950931801197454296e-02 -2.250772982295966562e-01 -1.956984944731698928e-01 -4.080815417142476531e-01 3.368148232169614342e-01 5.575267053608050360e-02 1.309057765338527413e-01 4.194780510132258278e-01 -6.775402095540053460e-02 5.077916930090755621e-01 6.035089796093811021e-01 5.476142368561590645e-01 2.275598976082524594e-01 -7.920704779435487619e-02 9.198268918837976260e-02 -1.833697367656200172e-01 5.285074242389005139e-01 2.704599483437264973e-01 -9.938048273001093280e-02 4.516294779840113738e-01 -8.862134362515021457e-02 4.263748129649130858e-01 -4.748423830751182795e-01 -1.257199287900862272e-01 -2.795542622472081407e-01 -8.983003082446627818e-02 -3.588382687763507807e-03 5.634651636893793503e-02 -2.548198400802905716e-01 -1.324879310658704790e-01 -3.688131909481815462e-01 -4.182772904861391250e-02 -1.607759531853766022e-01 3.585356565415032670e-01 6.815116187138995363e-01 -3.605059191857619139e-01 9.865255099294119312e-02 -1.286411635552634491e-01 -3.574349274022140532e-01 3.560990871357957999e-01 3.369872111930637959e-01 -4.401653835778228663e-01 7.667981818758913271e-01 -2.078806830921688109e-01 -4.013685683543631866e-01 -2.059073481120659299e-01 -3.307246956617328117e-03 -4.822812645504475498e-02 3.663451700925187682e-01 -1.687471863878348965e-01 6.183791507778830798e-01 1.100311056814568256e-01 5.866412839328899453e-01 2.358984114577040991e-01 -3.365183216428401652e-02 -6.254913496162601838e-01 2.639263625690868673e-03 -2.368850767981801608e-01 -4.749590716259769613e-02 -3.311997755074925776e-01 -2.770841149745917886e-01 -5.192394034390378499e-01 -3.917448457144966922e-01 -6.466798114945992992e-02 -3.141602219422138798e-01 4.435881677627992459e-01 4.010617751827580402e-01 -4.712749779381056880e-01 1.368754236384195078e-01 5.349010012568530259e-01 2.958218088470976337e-01 4.341346012861181380e-01 5.500360330087207261e-01 5.817184154324972489e-01 4.297954954847331699e-01 5.425453849143833107e-01 2.220664394104552020e-01 4.732564646940776720e-01 3.203975752257866572e-01 4.786716698580997242e-01 7.002576061980420041e-02 4.433141369192592496e-01 3.796608832471427553e-01 -2.806188484391944904e-01 -3.162800589363189419e-01 6.842525476509169202e-01 5.563921289759541366e-01 2.965633559061447433e-01 4.353891425343006660e-01 -7.890073552052112582e-02 -4.680699254260060060e-01 -4.282969860315958277e-01 -2.933250019840510370e-01 2.560421587222556083e-01 3.906841439936710736e-01 3.888952457586165590e-01 -5.416151809576884579e-01 -1.231763569951727644e-01 4.531275013159917764e-01 2.533502479180759770e-01
6.960298342892279333e-01 5.729126312476126026e-01 5.581964961972832873e-01 5.741737090190569548e-01 -3.160847801510668909e-01 1.000000000000000000e+00 -2.348813724786752086e-02 6.711040900049495272e-01 4.738826888263331094e-01 4.461922057246665574e-01 5.582810503222739307e-01 5.792382441839297735e-01 5.883627314048951451e-01 6.714087966996298285e-01 5.198513285543576723e-01 2.336563487937993455e-01 -7.849014206710204500e-02 -9.335112700806388192e-03 3.996917752411253133e-01 -4.192168277776736063e-01 3.871088998612989829e-01 -6.172244345832915702e-01 -2.935673171967448369e-01 -4.618368130711579811e-01 -1.097905951989706502e-01 5.257029095968598353e-01 -2.512552752360091568e-01 2.715281363890855171e-01 -6.230058583152602303e-01 -4.929872418044069504e-01 1.743149301438439158e-01 -6.098946085145166007e-01 1.059730059315378836e-01 -3.363019428052473891e-01 6.942495236465783259e-01 2.703076378111805012e-01 6.317534987820473402e-01 5.716982242092655264e-01 1.689707634624445154e-03 -2.983487035079803729e-01 5.357171056643852403e-01 9.647141670874721797e-02 7.368147938919012985e-01 2.772975476322590560e-01 2.387310549531532211e-01 -3.296564101581960782e-01 -2.653742807414319338e-01 7.012578252116385968e-01 5.139043126651529070e-01 6.732377011580760184e-01 7.259936533822983762e-01 2.458557644830754174e-01 3.431906987077470439e-01 7.199894179867826205e-01 -3.738436195528210271e-01 2.185012138553596994e-01 7.063798462911861087e-01 6.227311636852215226e-01 6.031464757565665469e-01 2.778279307562352418e-01 -1.595431388736987532e-01 5.102548488283110695e-01 9.616148895626297488e-02 1.204068607480652114e-01 -4.507782852917950889e-01 -3.789985250214392143e-01 6.245459896706270220e-01 6.826628311120886972e-01 -6.470108306423638656e-02 6.535096516113706455e-01 5.760704068093923658e-01 6.629457053149278023e-01 7.016757505895627745e-01 7.319412200671795432e-01 7.500700631923953310e-01 2.767681143932819166e-01 6.567540860393688007e-01 -3.267300069227989656e-01 -5.006630503779336827e-01 5.101432746388272488e-01 2.561499619621136481e-01 -1.349792250994334419e-01 -4.127616935160105527e-01 -5.724786960812588976e-01 -5.376637438984970263e-01 -5.914715459898862715e-01 8.829384690865825502e-02 -6.165228854040050166e-01 -5.303461790770529483e-01 -5.333263322162875575e-01 -4.677219960135400312e-01 -5.837474868171403930e-01 2.486516546028588737e-01 -6.693098579429876405e-02 -1.829695101608511398e-01 6.047937787144619382e-01 7.618511848018310051e-01 -4.538283358103084586e-01 -4.389685702865184225e-01 1.024288413110792245e-01 -2.188890939056896967e-01 6.695523080796158544e-01 6.499043629798201271e-01 7.898823114013707736e-01 7.082565070521106287e-01 3.318144953519859275e-01 -5.713774360922804219e-01 -4.530731224237088961e-01 7.615449954830648682e-01 -2.898243016128791982e-01 -3.784587539451008120e-01 -4.321241073057406901e-01
2.155928300220471827e-01 2.615139649489732765e-01 9.132149575391095009e-02 1.708634603056548851e-01 1.874513073514573469e-01 -2.348813724786752086e-02 1.000000000000000000e+00 1.575762478589269322e-01 1.159214568277481261e-01 1.036948644051118723e-01 1.061867143921546436e-01 3.530753711558124452e-01 1.788192659566743836e-01 1.523560487191834290e-01 9.421690841479499201e-02 -8.568077960874195820e-02 1.930229531571167334e-01 8.661296784959535144e-02 1.950947056764167631e-01 3.419076612478742089e-02 1.676616660171274253e-01 1.119986320570817151e-01 2.182272846262865440e-01 8.905449114743317629e-02 2.772169939906277483e-03 2.177346057036031179e-01 -7.613922337492746995e-02 -1.156448893857821986e-01 9.842330159174880744e-02 -5.895989878081894092e-02 -4.312949532503947137e-02 1.628945683985479412e-02 3.919274733672833272e-02 1.063243183011472748e-01 2.339116390652447586e-01 2.275262703063144210e-01 9.024509260886222350e-02 2.274248722182219476e-02 2.709537425742679084e-01 2.908682600005972618e-02 -1.983369140746527037e-02 -2.066452230429886155e-02 1.223413532998655906e-01 1.314786438933328305e-01 2.735665735382473152e-01 8.117870009577828061e-02 -4.416745017379059696e-02 1.433894897579481020e-01 8.162145886988826649e-02 5.226498681772336757e-02 9.253647243185411653e-02 -6.953808519918871969e-04 -6.753712762647293665e-03 8.353240711291338993e-02 2.545347162955624923e-02 6.833681566332253099e-02 2.970864905317146046e-02 9.615846280936408974e-02 2.558917430460435072e-01 3.214868574659890399e-01 3.160773991501938940e-01 3.004935827519578107e-01 4.856968823269520313e-02 2.703122747607466514e-01 1.522810282121439818e-01 9.671089329963493408e-02 6.259606233194064950e-02 -3.135659928591781609e-02 2.217466953693635612e-01 2.531753520863725959e-01 1.160813465703799674e-01 8.625987159974689289e-02 1.489491188031702718e-01 6.797867168648290270e-02 1.080068191010787881e-01 1.579302819600083285e-01 1.720178604759405039e-01 8.494452024552126557e-02 -3.334525561089300705e-02 8.940953832144474256e-02 1.393422583336946172e-02 -8.509266705379885110e-02 -1.009365762677368224e-02 -3.503306640127743649e-02 -6.954622508727392738e-02 -4.995245923748792977e-02 7.530904374713856542e-02 -2.133553618067575777e-02 -8.437479555343656290e-02 -6.600083871782544409e-02 -1.073562084725829119e-01 2.344433211162238236e-03 6.821655013829135139e-02 2.363528802060968492e-01 3.699270656151084496e-02 2.336403743798113816e-02 8.462477953067966061e-03 -2.782988070304550157e-02 4.407309688691451316e-02 1.596851566097444164e-01 6.115458125193162960e-03 3.747490533988619144e-02 1.083837617092442279e-01 5.870158335422260426e-02 1.473414625591994709e-01 -1.864692704901199649e-02 -3.134053663265811557e-02 -5.128684192474975562e-02 1.665821586651403119e-02 -2.712151836313720504e-02 -7.697352457493930079e-03 7.874740730825440611e-04
7.794066534649845002e-01 7.763334672890841448e-01 7.095223364681738643e-01 7.623915335738653543e-01 -2.914246287127610358e-01 6.711040900049495272e-01 1.575762478589269322e-01 1.000000000000000000e+00 5.347355627385774746e-01 6.258458461754257129e-01 7.190439202333248625e-01 6.748175726050789081e-01 7.852664364402837105e-01 8.441663737673029688e-01 3.821535992179007635e-01 3.363704786035127126e-01 -3.521408416220851018e-02 9.078105872820051853e-03 5.073227028479982970e-01 -7.245511291698647494e-01 2.247029821511472847e-01 -7.107691143733746442e-01 -5.373725498916759324e-01 -7.573220749377351790e-01 -5.325304634630433354e-01 6.170091736721275977e-01 -3.661768215700800799e-01 1.894750209079320291e-01 -7.596357509020873477e-01 -6.548493590368891226e-01 3.826435697595379493e-01 -7.894270888800806185e-01 -3.981650893755732390e-02 -5.507371402238624425e-01 6.684683996819731355e-01 3.104093637482636114e-01 5.896870982575787012e-01 5.119563884614004579e-01 -2.910113520454163036e-02 -3.375000784328575087e-01 5.562602282275559418e-01 -1.033568412763792438e-01 7.465835418963232550e-01 4.423758698906572473e-01 2.386608417655551040e-01 -5.762642773165782550e-01 -3.922516062785909030e-01 8.068465388521071091e-01 5.682613475559125105e-01 8.206408427162846797e-01 8.820453905061106381e-01 6.926835430496537833e-03 4.945991287159081651e-01 8.945086851292486374e-01 -3.943383199646426918e-01 -9.956629999274652087e-02 8.650479329181289812e-01 7.502151564905031877e-01 7.413112519110196530e-01 3.424312313450884604e-01 -1.489225618825043840e-01 6.061494760987916619e-01 9.396895638230118308e-02 1.129632532252539540e-01 -5.471637235850075331e-01 -6.140565446482207923e-01 7.136005244603895736e-01 6.020510500537179510e-01 -3.280842260178361003e-01 5.666335668848856422e-01 8.093490653404797897e-01 8.714361685115856737e-01 8.294884330173887266e-01 8.590717661295328433e-01 8.476087502322885436e-01 2.362212118793927951e-01 8.610814571057407996e-01 -2.429843807322636107e-01 -7.386589273326599203e-01 4.594972293793782581e-01 -5.393573983796868393e-02 -2.976688923780751450e-01 -5.374625797864011068e-01 -8.385849823522179003e-01 -7.816951519140485916e-01 -7.834222703192172954e-01 9.447793835913163851e-02 -8.383558051373746212e-01 -7.360902584970212548e-01 -8.197028629492600915e-01 -6.305484451645956279e-01 -8.063047743315451266e-01 2.365716061630183109e-01 -1.973843706949648946e-01 -4.676389332504574115e-01 7.200926474525283227e-01 6.384127326544307701e-01 -6.602084329172056565e-01 -6.431304981226432238e-01 1.226648299672618014e-01 -5.122502860812595538e-01 7.236316001129562414e-01 5.872335648432570610e-01 8.465440196122795413e-01 6.160985316387441735e-01 3.783861655703605331e-01 -8.302941132710490724e-01 -7.099417971625390233e-01 8.124101386466853203e-01 -5.357126467435152639e-01 -5.815824005150523890e-01 -7.117708106862211670e-01
4.601369853653381470e-01 4.692411886831879264e-01 4.102528639435341073e-01 4.676388485885399349e-01 -1.394256063744299667e-01 4.738826888263331094e-01 1.159214568277481261e-01 5.347355627385774746e-01 1.000000000000000000e+00 4.072994958376995878e-01 4.223404015784298360e-01 4.769636842220851825e-01 4.779917682418252656e-01 4.943772850966284271e-01 3.171080325938825384e-01 1.198619729096405406e-01 4.822466864872566872e-02 2.913595658378061518e-02 3.123522454655768277e-01 -4.017321965295441166e-01 1.669368259177396452e-01 -3.836889202107850450e-01 -2.228937166840650186e-01 -3.877620090200966096e-01 -2.322081011234358172e-01 3.577890085850092272e-01 -2.975481985508007243e-01 1.225845739535494777e-01 -4.166759901501765895e-01 -4.126916963370338975e-01 1.675113068219456491e-01 -4.400945740731301847e-01 -3.317778175580346489e-02 -2.394544957996112000e-01 4.079966191889917715e-01 1.824490336344930519e-01 4.062355323868447887e-01 3.122761627645131988e-01 -4.218979491869964682e-02 -2.078912383116599816e-01 3.317618775702663725e-01 -7.064151033890637976e-02 4.707938926397534085e-01 2.335274898740350713e-01 1.987806530821706330e-01 -3.114697397615419083e-01 -2.521912982448316076e-01 4.791174899900617623e-01 3.301677720801692861e-01 4.572366851974655755e-01 5.104815417095526220e-01 3.647336059972497609e-03 2.308289416121487858e-01 5.148676796226815400e-01 -2.354145068887860126e-01 -6.648169089783597871e-03 4.746379395705148108e-01 4.675236729222077559e-01 4.962182984675362896e-01 2.236162049473003344e-01 -5.189812083491117389e-02 3.923193879818239194e-01 6.531799045303231244e-02 5.189179133938569971e-02 -3.188478652245854139e-01 -3.426030764132573236e-01 4.121310976708133511e-01 3.402503234856648628e-01 -1.294305532566105976e-01 3.930633687537740117e-01 4.404472752969857963e-01 4.765458316935691774e-01 4.973298739201482688e-01 4.871097967792108463e-01 5.081547053461955565e-01 1.194316501560959559e-01 5.167192810646242807e-01 -1.164162133592753501e-01 -4.356100252830715780e-01 3.150565413735683662e-01 5.696164859376671302e-02 -2.045208648968846465e-01 -2.964772793407796647e-01 -4.703057160340548548e-01 -4.620797323283196145e-01 -4.574650508636952662e-01 7.176374294008482091e-02 -4.757162798110379787e-01 -4.436426558420332178e-01 -4.645990493640974051e-01 -4.362809657616937842e-01 -4.658658908142377930e-01 2.117239342910499644e-01 -1.016364100427803729e-01 -2.383514944010948766e-01 4.149536394434930608e-01 4.018596691809770416e-01 -3.773526052953358190e-01 -3.720037224424997402e-01 6.118240463353443598e-02 -2.738287986121685225e-01 4.166886069350546618e-01 4.097192480575703732e-01 4.973381936009580451e-01 4.005808149809095275e-01 1.900891932522347227e-01 -4.703819354945178444e-01 -4.351580524168583985e-01 4.678322367939380388e-01 -3.279973949858858706e-01 -3.232650866159352265e-01 -3.986581537260112662e-01
4.134255732232635094e-01 6.361144148514201735e-01 4.874516884214081802e-01 5.869390694868525937e-01 -5.440246176119037380e-02 4.461922057246665574e-01 1.036948644051118723e-01 6.258458461754257129e-01 4.072994958376995878e-01 1.000000000000000000e+00 5.066507025520942120e-01 5.774873479026347844e-01 6.630467766503532756e-01 6.458283246149985057e-01 2.033493793186769705e-01 7.977834073781787938e-02 4.511371320480675115e-03 -8.721521985223064377e-02 4.450221703703306497e-01 -6.634830383925532926e-01 -1.276846932490301872e-02 -3.638946703585317355e-01 -4.293662844623643560e-01 -6.249660355611527107e-01 -5.929903639755415012e-01 2.830136293589128327e-01 -4.938951981993332518e-01 -3.231004245868414337e-02 -4.763706961568698883e-01 -5.381683043482811124e-01 3.908897817142757969e-01 -5.096173742756002767e-01 -3.012451061585585399e-01 -4.226920476159288786e-01 2.461085049383593404e-01 1.591268858153770671e-01 3.774833789298165376e-01 2.059353080155824633e-01 -2.205582388781636427e-01 -2.677782098457110460e-01 2.867299697872432440e-01 -2.911543556616001949e-01 3.955319306786311828e-01 2.943836004339770995e-01 8.287934682772858663e-02 -5.509548965296381384e-01 -1.830312779329300588e-01 5.321788058008588562e-01 3.988898987699050491e-01 6.127551719802961649e-01 6.220183403367114394e-01 -5.110474917626206537e-02 4.155592569913880707e-01 6.138559227453517231e-01 -9.393113352670842686e-02 -2.984072212239704536e-01 5.692440999386039202e-01 5.291501062090480101e-01 5.593860798931143963e-01 5.903179602656067476e-02 -4.683985749251719927e-02 3.230715075705052897e-01 1.372982941526217082e-01 -8.207034277891675500e-02 -4.277700208901180634e-01 -6.520543412512742609e-01 5.114438734765422989e-01 1.706503943011107860e-01 -5.216301179782675268e-01 1.896251684583839525e-01 6.085335820015218555e-01 6.023342928904820148e-01 5.211804521333107676e-01 5.214446799998536664e-01 5.461995185910160089e-01 -4.528386506552119391e-03 5.816746470474396524e-01 -7.463246929666014946e-03 -5.824782912424606440e-01 1.345407497062327540e-01 -1.660062061931587007e-01 -2.843825679522783423e-01 -3.860017123949034401e-01 -6.522010463896369403e-01 -6.122071793206191881e-01 -5.063219635819892206e-01 1.404405071064278865e-01 -6.224829671532219333e-01 -6.914425612035119961e-01 -6.655346061538808256e-01 -4.997831908563116765e-01 -5.851784575973462132e-01 1.631428871850367224e-01 -2.419787364148315856e-01 -5.405512784624137979e-01 4.422471648500365671e-01 2.799300597846809957e-01 -4.488759201047650693e-01 -4.752184319634363829e-01 1.047560040576488577e-01 -5.218048024833936704e-01 4.978602306299914071e-01 2.490157757967266239e-01 4.712591441240597256e-01 1.846675521629229655e-01 2.203693176736320203e-01 -6.658770097287508571e-01 -5.948312430051696520e-01 4.265387051987667433e-01 -7.079800387976541431e-01 -4.935387602583888311e-01 -7.097838626893007152e-01
7.280636947022016692e-01 7.609019972670050258e-01 6.308290180071971509e-01 7.489643580347025154e-01 -9.781583915342871582e-02 5.582810503222739307e-01 1.061867143921546436e-01 7.190439202333248625e-01 4.223404015784298360e-01 5.066507025520942120e-01 1.000000000000000000e+00 7.589569491059604545e-01 7.744041899859616107e-01 7.442030120134993654e-01 3.629102134716367667e-01 2.787409669575026672e-01 -1.106203424119883011e-01 -2.266853239741040138e-02 5.344585971568448501e-01 -6.541964602976255705e-01 1.354342278668504984e-01 -5.937267498988874070e-01 -3.836220858195514283e-01 -6.400825000808847420e-01 -4.612223748025880421e-01 4.626231538416027411e-01 -4.401386913585113025e-01 1.777248966717429046e-01 -6.560392117704992865e-01 -5.958453458006434111e-01 3.728765169510967481e-01 -7.351871073808488033e-01 -1.085666036958665009e-01 -4.670867059592604398e-01 4.983996703145778251e-01 1.760573530505061823e-01 4.673565534654357534e-01 6.131777893516534572e-01 -5.090548951391000998e-02 -3.532621767494685816e-01 5.838525062050597958e-01 -9.843885657532985833e-02 7.006152690313831588e-01 3.497548755772242335e-01 1.458898637119521724e-01 -4.916204459512579783e-01 -2.409422536709141249e-01 7.696694606954515017e-01 5.669211010139112439e-01 7.962044966982211314e-01 7.871999685206126918e-01 8.105951193343571837e-02 5.788364113129658151e-01 7.554003198041502332e-01 -2.536211655457635827e-01 -2.495718156776073615e-01 7.797050044839789473e-01 7.351792029912409543e-01 7.019297986374558596e-01 2.628937771089863151e-01 -1.158724039519593574e-01 4.936003086696652553e-01 2.255197848321500997e-01 7.828497012947542577e-02 -4.284627405931812905e-01 -5.793534810614808794e-01 7.382843576612011516e-01 4.379310779513970742e-01 -3.568339722375218903e-01 4.292489143497852377e-01 7.770839084703985433e-01 7.584777420094709344e-01 7.607620228610274538e-01 6.986305555877782014e-01 7.910612061017734398e-01 1.800737867889223298e-01 7.513710166327045581e-01 -1.145564283162541080e-01 -6.778051510831125670e-01 3.760457828848821626e-01 -6.812918155892321026e-02 -1.565065194951721084e-01 -4.607010495759302215e-01 -7.609480116338994682e-01 -6.606992711282148045e-01 -6.773074050239391575e-01 2.437760484097359903e-01 -7.274339784907888351e-01 -7.000496244199746476e-01 -6.931850214979928815e-01 -5.786317124112374533e-01 -7.353769205422613364e-01 3.665805657667409179e-01 -1.826891111589904748e-01 -4.470889867755521996e-01 6.196987312001533965e-01 4.911010029713981373e-01 -5.175802735332335480e-01 -5.701666696579131832e-01 1.023411011378848462e-01 -5.076470142291324983e-01 7.300945683922873686e-01 4.314620361688547567e-01 7.092615313122824228e-01 5.087789499972075191e-01 5.276416237051628766e-01 -7.526025321899775244e-01 -7.009308133135491170e-01 6.806278739591985483e-01 -5.375176969869581711e-01 -5.243375711309816722e-01 -6.811598487912851052e-01
6.979185293867379292e-01 7.458544868248804249e-01 5.831951492904116074e-01 7.090894079263801997e-01 -6.593897193547079878e-03 5.792382441839297735e-01 3.530753711558124452e-01 6.748175726050789081e-01 4.769636842220851825e-01 5.774873479026347844e-01 7.589569491059604545e-01 1.000000000000000000e+00 7.616674248046549911e-01 7.303440881309672950e-01 4.214212617446982945e-01 5.745731756884764341e-02 -5.623524150521647808e-02 -1.410193582675282333e-04 5.578015239840419248e-01 -5.487180033063999707e-01 2.155718261852072881e-01 -3.958525892962201920e-01 -1.177659711701152523e-01 -4.563858817485234587e-01 -3.141891941958050993e-01 4.050014072167303913e-01 -5.883168185682571272e-01 4.668822184386347759e-03 -4.854608599554940396e-01 -6.063903839963394882e-01 2.311927565317670186e-01 -5.925658289176409799e-01 -1.692349528510194434e-01 -2.688656839542096222e-01 5.498809309415007007e-01 2.942780886280303987e-01 5.466109897747659652e-01 5.441375560744121653e-01 -8.574835714946304685e-03 -2.983464886775091807e-01 4.817525462066624686e-01 -1.638558696350250199e-01 6.686615115243810248e-01 3.411163497045190396e-01 3.266182252384463580e-01 -3.806822612901590852e-01 -2.136364459419437811e-01 7.832302669169057818e-01 5.230567032504954694e-01 6.993604507362999323e-01 7.194373850535283887e-01 1.414757317649226742e-01 4.215234848905428100e-01 6.694319215566848502e-01 -2.025211740794889137e-01 -1.205044948173843583e-01 6.596846342226603266e-01 6.997319670976029915e-01 7.763600666252129523e-01 3.361089103774828613e-01 5.725510470346528713e-02 5.512555294278418394e-01 1.716692527478808628e-01 1.893729595653852182e-01 -3.146579746816632883e-01 -4.756272767095543474e-01 6.595506873326569819e-01 3.476071115417089241e-01 -1.965961580168698042e-01 4.978468451653679239e-01 6.843939810263345302e-01 6.616331871613301274e-01 7.476541383129048368e-01 6.191105001154029175e-01 7.422678777058272503e-01 2.178487658134251048e-01 7.224114624155167919e-01 -4.226599521598670833e-02 -5.804947609987221036e-01 4.007676095872410027e-01 4.166022518648733464e-03 -1.904639038433642850e-01 -4.311155144335239164e-01 -6.341858803588225069e-01 -5.949955414574708001e-01 -5.896962656672967151e-01 2.643203715259927478e-01 -6.273860622966690448e-01 -7.148591250035790656e-01 -6.129003539143810242e-01 -6.198982523547846846e-01 -6.186342129022617264e-01 4.503581234325777505e-01 3.178522089465292411e-02 -3.917004198919285529e-01 4.924793950268483989e-01 4.394425151397059470e-01 -4.356314125741096999e-01 -4.511270188384560176e-01 1.793785472192536423e-01 -4.350841305643345924e-01 6.719793668206592852e-01 4.649267791267710503e-01 6.210584659667914842e-01 4.698621396033471620e-01 4.488872827200264815e-01 -6.584065580194453648e-01 -6.257101936543013609e-01 5.619723326735872604e-01 -5.155113860422925187e-01 -4.614592220224492669e-01 -6.011209950863924956e-01
7.632820449904131888e-01 8.051667121161468765e-01 6.765901793401892794e-01 7.908029857995528822e-01 -4.950931801197454296e-02 5.883627314048951451e-01 1.788192659566743836e-01 7.852664364402837105e-01 4.779917682418252656e-01 6.630467766503532756e-01 7.744041899859616107e-01 7.616674248046549911e-01 1.000000000000000000e+00 8.254511241308032377e-01 3.453513131755427401e-01 1.612390886829112302e-01 4.157338579551340084e-03 -2.407140213059452347e-02 5.807482012397077176e-01 -6.778455555576303748e-01 1.832473331406520023e-01 -5.653573022081619381e-01 -4.020506354366377155e-01 -6.564102245778448141e-01 -5.266168223475248267e-01 4.957124445189879380e-01 -4.928696871173794958e-01 7.396573894463695509e-02 -6.025750921046972852e-01 -6.242982329572239752e-01 4.115939101563413915e-01 -7.279784534986113442e-01 -1.718157872874171710e-01 -4.482339887063163109e-01 5.096418271101030850e-01 2.332969299190884027e-01 5.370292135000380718e-01 5.335022074166420047e-01 -6.535002901770491091e-02 -3.447950015887508157e-01 5.282069009460070852e-01 -1.446013251484252471e-01 6.991937380559800630e-01 4.306274016637598456e-01 2.271720331624451084e-01 -4.844441916551258109e-01 -2.077270101645312950e-01 7.811403679797240818e-01 6.178200845675602126e-01 8.425023319700112312e-01 8.331750800548409774e-01 1.549094685269268856e-01 6.115513860127871348e-01 8.027668240356070628e-01 -1.991597017091366328e-01 -1.680428437117615914e-01 8.030822458583940504e-01 7.853376108605797379e-01 8.061143812000912678e-01 2.880905079030707250e-01 -2.029058269401540562e-02 5.496436310949560644e-01 2.350889247841568830e-01 1.741186192012057488e-01 -4.012694588804988638e-01 -6.003914636044453967e-01 8.034910605790849258e-01 4.327454521548123045e-01 -3.623441031070341323e-01 4.851640392693407078e-01 8.386257974787029168e-01 8.272397412749652457e-01 8.010551903421320175e-01 7.453818066778460372e-01 7.963371944703592220e-01 1.926673513176435648e-01 8.134397932887998950e-01 -5.256667690263654852e-02 -6.702256001916901962e-01 3.635572175417154384e-01 -7.891096978457434741e-02 -1.535924152134037490e-01 -4.355362934740788505e-01 -7.636633359024214140e-01 -6.768958020332807024e-01 -6.751993649789869156e-01 2.504356479803408475e-01 -7.379454339906218463e-01 -7.736736856392935069e-01 -7.240788688452541866e-01 -5.617260044912153472e-01 -7.138639784475117045e-01 3.454913414273025896e-01 -1.039319959609676103e-01 -5.234366080536676513e-01 6.242634393904437085e-01 4.866815598566473500e-01 -5.097565532801410226e-01 -5.354181557225703436e-01 1.388397344871705463e-01 -5.253495819400227917e-01 7.599384867672914767e-01 4.788667743528551846e-01 7.148057169732081606e-01 4.959661535679870115e-01 4.935842896212515596e-01 -7.731648227524563488e-01 -6.808699950186856142e-01 6.842908629958960320e-01 -6.322002362826326660e-01 -5.315191307454443237e-01 -7.336537292370769459e-01
7.638062854866674023e-01 7.911965385634608383e-01 7.026298047926843315e-01 7.738561672501163002e-01 -2.250772982295966562e-01 6.714087966996298285e-01 1.523560487191834290e-01 8.441663737673029688e-01 4.943772850966284271e-01 6.458283246149985057e-01 7.442030120134993654e-01 7.303440881309672950e-01 8.254511241308032377e-01 1.000000000000000000e+00 4.117128612497228390e-01 2.687129898412607965e-01 -4.497299412850915001e-02 -2.300473505483853834e-02 5.557961191542495349e-01 -6.973342684094424593e-01 2.082718651968790136e-01 -6.647825794134420985e-01 -4.702653425308054858e-01 -7.206719946452307957e-01 -5.173972908123362080e-01 5.532612338314516487e-01 -4.099610128933583453e-01 1.439025140508312095e-01 -7.170979558897182526e-01 -6.308510205541271176e-01 3.731898647576712968e-01 -7.682113851057510434e-01 -8.481400760192212007e-02 -5.179180881593231645e-01 6.380091844704570692e-01 2.881287199967803581e-01 5.648631871846631070e-01 5.395780629031423636e-01 -3.476475415906860739e-02 -3.374134388491504266e-01 5.551386675379923474e-01 -1.174164912360046720e-01 7.534344479212552459e-01 4.480804771630646499e-01 2.186156731475454029e-01 -5.365334121218716668e-01 -3.522311541304279370e-01 8.144402072683807337e-01 5.881994728816410944e-01 8.263480766951908363e-01 8.768444047216179538e-01 4.962998417849791982e-02 5.040981051685091696e-01 8.723954615929225831e-01 -3.569428430643352690e-01 -1.087000711056639451e-01 8.516556179479093380e-01 7.504007564121937257e-01 7.655668843557532632e-01 2.874151570953934476e-01 -9.082254619364982240e-02 6.149738782104985368e-01 1.106873827549773731e-01 9.280800298571910412e-02 -5.292420523761219853e-01 -6.334951816427212279e-01 7.466619586958062049e-01 5.516267884232882723e-01 -3.405025172255288224e-01 5.504869995978600716e-01 7.915377702461217080e-01 8.468986596941496803e-01 8.053428937997123560e-01 8.211985017026263156e-01 8.548955575551598907e-01 1.923757920909710262e-01 8.422663786008102171e-01 -1.860302482049596695e-01 -7.122175182521246484e-01 4.524771208146985413e-01 -2.262733228499407001e-02 -2.852962622319084041e-01 -4.883181574967622729e-01 -8.133433468096762375e-01 -7.419837682392198541e-01 -7.402685980133580923e-01 1.428755078128001177e-01 -8.110858613539431161e-01 -7.488594475195275990e-01 -7.913695405780298842e-01 -6.114507244088508431e-01 -7.691869850022144961e-01 2.643610833188622111e-01 -1.710190753421652055e-01 -4.700203236660470130e-01 7.027952601475069283e-01 6.346364517498681579e-01 -6.242721916140263616e-01 -6.233844528296755838e-01 1.265234586362488367e-01 -5.158123551763825754e-01 7.486334776489794729e-01 5.731113423617829605e-01 8.241006030016861938e-01 6.090667045222286635e-01 3.764194205354498557e-01 -8.038733186434907640e-01 -7.008147112944009827e-01 7.775637224345136600e-01 -5.589907684760909712e-01 -5.908838423112513505e-01 -7.163015407127678591e-01
